3.500000000000000000e+02 0.000000000000000000e+00
3.550000000000000000e+02 0.000000000000000000e+00
3.600000000000000000e+02 0.000000000000000000e+00
3.650000000000000000e+02 1.859021488934025750e-07
3.700000000000000000e+02 3.058299361407245838e-07
3.750000000000000000e+02 1.018823250750261918e-06
3.800000000000000000e+02 4.490852912764722452e-06
3.850000000000000000e+02 1.450475557622351952e-05
3.900000000000000000e+02 3.265835262297292664e-05
3.950000000000000000e+02 1.176671218599833334e-05
4.000000000000000000e+02 1.758670008613319699e-05
4.050000000000000000e+02 1.295993481050031464e-04
4.100000000000000000e+02 8.693181026542932152e-05
4.150000000000000000e+02 1.869156682376812626e-04
4.200000000000000000e+02 1.078845901005604424e-04
4.250000000000000000e+02 1.452547283318541258e-04
4.300000000000000000e+02 2.502969373375289145e-05
4.350000000000000000e+02 1.559165286677680466e-05
4.400000000000000000e+02 2.899061140846666664e-05
4.450000000000000000e+02 6.331546554195535399e-05
4.500000000000000000e+02 6.008730904399599694e-05
4.550000000000000000e+02 1.291573878552556946e-04
4.600000000000000000e+02 3.499332085034905133e-05
4.650000000000000000e+02 1.160119053932493505e-05
4.700000000000000000e+02 9.926283642954739856e-06
4.750000000000000000e+02 1.297782417612994597e-05
4.800000000000000000e+02 2.213602040753145169e-05
4.850000000000000000e+02 2.949864097973917647e-05
4.900000000000000000e+02 4.332563447266042774e-05
4.950000000000000000e+02 6.728037917323995869e-05
5.000000000000000000e+02 1.478005555162825388e-04
5.050000000000000000e+02 4.928947939461095001e-04
5.100000000000000000e+02 5.106836513057152549e-04
5.150000000000000000e+02 2.458266303630798639e-04
5.200000000000000000e+02 1.875824652103135707e-04
5.250000000000000000e+02 2.114747153866302124e-04
5.300000000000000000e+02 1.917037391848581973e-04
5.350000000000000000e+02 1.146370929786171358e-04
5.400000000000000000e+02 7.284820383400434024e-05
5.450000000000000000e+02 5.505618088707347043e-05
5.500000000000000000e+02 5.379750892844510196e-05
5.550000000000000000e+02 6.210273012424323276e-05
5.600000000000000000e+02 9.325834570718426805e-05
5.650000000000000000e+02 1.637882911343229732e-04
5.700000000000000000e+02 3.317035831339609103e-04
5.750000000000000000e+02 7.426422705144326408e-04
5.800000000000000000e+02 1.234762907893275025e-03
5.850000000000000000e+02 1.207947002402618916e-03
5.900000000000000000e+02 9.256556175161038437e-04
5.950000000000000000e+02 7.488176863680485887e-04
6.000000000000000000e+02 6.681012328936568800e-04
6.050000000000000000e+02 6.424703676101765860e-04
6.100000000000000000e+02 6.499345802861516107e-04
6.150000000000000000e+02 7.047022017480137788e-04
6.200000000000000000e+02 8.427322909969972315e-04
6.250000000000000000e+02 1.335031398984463718e-03
6.300000000000000000e+02 1.405165687254303266e-03
6.350000000000000000e+02 2.131476514519485381e-03
6.400000000000000000e+02 4.140006202347251696e-03
6.450000000000000000e+02 4.097203243582991233e-03
6.500000000000000000e+02 2.533621894868940457e-03
6.550000000000000000e+02 1.631042789582246673e-03
6.600000000000000000e+02 1.450156040221828009e-03
6.650000000000000000e+02 1.527320728732498370e-03
6.700000000000000000e+02 2.294984438014720327e-03
6.750000000000000000e+02 3.552688924332695480e-03
6.800000000000000000e+02 3.904129884784759454e-03
6.850000000000000000e+02 2.483939610234668464e-03
6.900000000000000000e+02 1.318831540379209605e-03
6.950000000000000000e+02 9.921506018976307146e-04
7.000000000000000000e+02 8.871314326021634972e-04
7.050000000000000000e+02 9.444452676702841864e-04
7.100000000000000000e+02 1.116169005835875591e-03
7.150000000000000000e+02 1.189446350003055004e-03
7.200000000000000000e+02 1.561924296489044378e-03
7.250000000000000000e+02 2.367691863699008040e-03
7.300000000000000000e+02 3.757267527809349944e-03
7.350000000000000000e+02 5.076501661363065632e-03
7.400000000000000000e+02 5.906760707090177691e-03
7.450000000000000000e+02 5.613346352203349779e-03
7.500000000000000000e+02 4.300980334894926281e-03
7.550000000000000000e+02 3.619547074754520585e-03
7.600000000000000000e+02 1.284859183465205442e-03
7.650000000000000000e+02 2.618592337923783455e-03
7.700000000000000000e+02 3.232606673901212025e-03
7.750000000000000000e+02 2.711044120752252942e-03
7.800000000000000000e+02 2.723915210074529317e-03
7.850000000000000000e+02 2.812371590597834668e-03
7.900000000000000000e+02 3.435450459898238464e-03
7.950000000000000000e+02 4.387969150164542503e-03
8.000000000000000000e+02 5.855131703913653458e-03
8.050000000000000000e+02 7.120564216717799322e-03
8.100000000000000000e+02 7.595508082995360531e-03
8.150000000000000000e+02 6.720942637405584626e-03
8.200000000000000000e+02 5.928513360168449590e-03
8.250000000000000000e+02 6.537087286892407853e-03
8.300000000000000000e+02 6.508730478190409043e-03
8.350000000000000000e+02 6.903006134440693546e-03
8.400000000000000000e+02 5.676143283621951259e-03
8.450000000000000000e+02 5.546456306510493157e-03
8.500000000000000000e+02 5.912689410361036436e-03
8.550000000000000000e+02 6.923287450908343840e-03
8.600000000000000000e+02 8.496068716055791767e-03
8.650000000000000000e+02 1.022842490875195201e-02
8.700000000000000000e+02 1.340623881261424934e-02
8.750000000000000000e+02 1.648083961490544314e-02
8.800000000000000000e+02 2.122337100945148256e-02
8.850000000000000000e+02 2.746393038758295629e-02
8.900000000000000000e+02 3.590698698515185083e-02
8.950000000000000000e+02 4.629534311318828088e-02
9.000000000000000000e+02 5.905538986132084084e-02
9.050000000000000000e+02 7.413827645086215612e-02
9.100000000000000000e+02 7.358263309183665779e-02
9.150000000000000000e+02 8.974370742679703417e-02
9.200000000000000000e+02 8.655144581591796282e-02
9.250000000000000000e+02 1.118395063332767309e-01
9.300000000000000000e+02 8.953063148791252923e-02
9.350000000000000000e+02 7.705004414609706309e-02
9.400000000000000000e+02 1.005141958701424171e-01
9.450000000000000000e+02 1.028276496020931324e-01
9.500000000000000000e+02 9.865850087257507783e-02
9.550000000000000000e+02 1.342564862974080231e-01
9.600000000000000000e+02 1.365369430976311749e-01
9.650000000000000000e+02 1.368003614887082497e-01
9.700000000000000000e+02 1.912168629887462390e-01
9.750000000000000000e+02 1.910094407526155003e-01
9.800000000000000000e+02 1.922240491126405992e-01
9.850000000000000000e+02 1.873240037162578198e-01
9.900000000000000000e+02 1.924247298730263622e-01
9.950000000000000000e+02 2.115735609961723329e-01
1.000000000000000000e+03 1.998356942287639604e-01
1.005000000000000000e+03 2.082674047865108735e-01
1.010000000000000000e+03 2.006302771430397147e-01
1.015000000000000000e+03 2.250120281582017601e-01
1.020000000000000000e+03 2.208490675258691915e-01
1.025000000000000000e+03 2.148809365590764742e-01
1.030000000000000000e+03 2.213969366885884804e-01
1.035000000000000000e+03 2.037798129246741197e-01
1.040000000000000000e+03 2.154045604642660372e-01
1.045000000000000000e+03 2.040798832901055959e-01
1.050000000000000000e+03 2.178989165684089568e-01
1.055000000000000000e+03 2.092045476007333704e-01
1.060000000000000000e+03 2.235789210256478032e-01
1.065000000000000000e+03 2.260652258582972474e-01
1.070000000000000000e+03 2.168686345004971761e-01
1.075000000000000000e+03 2.338332014530903613e-01
1.080000000000000000e+03 2.259382237707993069e-01
1.085000000000000000e+03 2.062675055808352587e-01
1.090000000000000000e+03 2.269076712130564943e-01
1.095000000000000000e+03 2.071146510688383624e-01
1.100000000000000000e+03 2.048693772518988820e-01
1.105000000000000000e+03 2.053620085117065508e-01
1.110000000000000000e+03 2.006557025258467741e-01
1.115000000000000000e+03 1.491655335172815400e-01
1.120000000000000000e+03 1.268816681523148304e-01
1.125000000000000000e+03 1.335615390091406673e-01
1.130000000000000000e+03 7.933209730473522736e-02
1.135000000000000000e+03 2.089821911996746218e-02
1.140000000000000000e+03 1.256131256754582926e-01
1.145000000000000000e+03 1.160471979793029351e-01
1.150000000000000000e+03 9.810659467609306184e-02
1.155000000000000000e+03 1.836696805786218745e-01
1.160000000000000000e+03 1.692494780772390295e-01
1.165000000000000000e+03 1.904539892220185049e-01
1.170000000000000000e+03 2.137636324353469619e-01
1.175000000000000000e+03 2.179583018222256696e-01
1.180000000000000000e+03 2.099550477062036569e-01
1.185000000000000000e+03 1.947493586197762971e-01
1.190000000000000000e+03 2.156333064741509375e-01
1.195000000000000000e+03 2.117705045499717331e-01
1.200000000000000000e+03 2.126916498240801756e-01
1.205000000000000000e+03 1.948693580103852130e-01
1.210000000000000000e+03 2.089142253023245632e-01
1.215000000000000000e+03 2.107382848640818040e-01
1.220000000000000000e+03 2.185032486510198324e-01
1.225000000000000000e+03 2.211983176084585945e-01
1.230000000000000000e+03 2.237192101862703619e-01
1.235000000000000000e+03 2.250075119404814361e-01
1.240000000000000000e+03 2.254686810004650210e-01
1.245000000000000000e+03 2.254160323325546389e-01
1.250000000000000000e+03 2.245697264275620109e-01
1.255000000000000000e+03 2.232935441794864084e-01
1.260000000000000000e+03 2.184377725094924783e-01
1.265000000000000000e+03 2.074012680820055132e-01
1.270000000000000000e+03 2.063509461724346572e-01
1.275000000000000000e+03 2.153673283461926546e-01
1.280000000000000000e+03 2.206785664931553148e-01
1.285000000000000000e+03 2.227152059346186319e-01
1.290000000000000000e+03 2.235123691064175855e-01
1.295000000000000000e+03 2.224908613340072783e-01
1.300000000000000000e+03 2.227786713772996474e-01
1.305000000000000000e+03 2.217936500127595523e-01
1.310000000000000000e+03 1.975229157935689539e-01
1.315000000000000000e+03 2.005037801619396209e-01
1.320000000000000000e+03 1.732273974336843159e-01
1.325000000000000000e+03 2.137258298753474395e-01
1.330000000000000000e+03 1.818256540768721508e-01
1.335000000000000000e+03 1.833449233466226402e-01
1.340000000000000000e+03 1.420360480996454011e-01
1.345000000000000000e+03 1.547539044480039094e-01
1.350000000000000000e+03 5.976880363864007367e-02
1.355000000000000000e+03 7.919980073450079861e-04
1.360000000000000000e+03 2.474378111283284404e-03
1.365000000000000000e+03 3.956930867188117318e-05
1.370000000000000000e+03 1.883850728561540589e-03
1.375000000000000000e+03 1.085628378620732103e-02
1.380000000000000000e+03 9.488618853156655444e-03
1.385000000000000000e+03 2.578062939040006558e-04
1.390000000000000000e+03 2.357574866113425205e-02
1.395000000000000000e+03 9.806431842779023749e-06
1.400000000000000000e+03 4.858567342686528835e-04
1.405000000000000000e+03 2.253812554125760200e-04
1.410000000000000000e+03 8.690229456055737281e-03
1.415000000000000000e+03 7.973275541184756884e-03
1.420000000000000000e+03 2.451054399572801662e-02
1.425000000000000000e+03 7.908402841419447105e-02
1.430000000000000000e+03 9.108736351642794660e-02
1.435000000000000000e+03 7.477024694657578852e-02
1.440000000000000000e+03 1.077583983607701967e-01
1.445000000000000000e+03 9.425229166460941110e-02
1.450000000000000000e+03 6.654337834525175799e-02
1.455000000000000000e+03 1.261706929286559031e-01
1.460000000000000000e+03 1.316666559146407178e-01
1.465000000000000000e+03 1.231899833998000987e-01
1.470000000000000000e+03 1.182811959448170358e-01
1.475000000000000000e+03 2.142913682884907689e-01
1.480000000000000000e+03 1.364350729815806962e-01
1.485000000000000000e+03 1.760358234335887562e-01
1.490000000000000000e+03 1.616490195648954131e-01
1.495000000000000000e+03 1.896011970717388362e-01
1.500000000000000000e+03 2.121685860149470082e-01
1.505000000000000000e+03 1.924533959800720784e-01
1.510000000000000000e+03 2.331979538909094429e-01
1.515000000000000000e+03 2.269289845645457437e-01
1.520000000000000000e+03 2.331972738648012411e-01
1.525000000000000000e+03 2.325275954783729282e-01
1.530000000000000000e+03 2.320394836732662391e-01
1.535000000000000000e+03 2.323651964321163110e-01
1.540000000000000000e+03 2.349805773277840459e-01
1.545000000000000000e+03 2.369345802364157538e-01
1.550000000000000000e+03 2.369196261660423408e-01
1.555000000000000000e+03 2.370414789446853299e-01
1.560000000000000000e+03 2.369405483438711546e-01
1.565000000000000000e+03 2.371413124024843444e-01
1.570000000000000000e+03 2.267807873012822606e-01
1.575000000000000000e+03 2.313787091257201167e-01
1.580000000000000000e+03 2.261289884351190549e-01
1.585000000000000000e+03 2.368395422876044820e-01
1.590000000000000000e+03 2.376764558232904445e-01
1.595000000000000000e+03 2.382220938637455987e-01
1.600000000000000000e+03 2.309541612688279233e-01
1.605000000000000000e+03 2.342132588783191749e-01
1.610000000000000000e+03 2.247795245256324070e-01
1.615000000000000000e+03 2.379811835112836671e-01
1.620000000000000000e+03 2.400003808448527010e-01
1.625000000000000000e+03 2.404848500156015478e-01
1.630000000000000000e+03 2.405720383069755164e-01
1.635000000000000000e+03 2.405529246399761845e-01
1.640000000000000000e+03 2.387589041361538045e-01
1.645000000000000000e+03 2.359304714772925138e-01
1.650000000000000000e+03 2.405011345951019452e-01
1.655000000000000000e+03 2.417169245870286753e-01
1.660000000000000000e+03 2.424547278007039008e-01
1.665000000000000000e+03 2.419527113038800192e-01
1.670000000000000000e+03 2.435426124486909649e-01
1.675000000000000000e+03 2.433014998483947477e-01
1.680000000000000000e+03 2.430071764159140446e-01
1.685000000000000000e+03 2.440585606521235573e-01
1.690000000000000000e+03 2.404961720520288060e-01
1.695000000000000000e+03 2.433893749349665958e-01
1.700000000000000000e+03 2.387115057429927967e-01
1.705000000000000000e+03 2.425123173983746161e-01
1.710000000000000000e+03 2.434491672160973286e-01
1.715000000000000000e+03 2.406294410016483476e-01
1.720000000000000000e+03 2.426800652208444542e-01
1.725000000000000000e+03 2.265859818833318162e-01
1.730000000000000000e+03 2.435869192974449982e-01
1.735000000000000000e+03 2.375340355803264858e-01
1.740000000000000000e+03 2.152954942415476192e-01
1.745000000000000000e+03 2.326891496500858580e-01
1.750000000000000000e+03 2.420191195506084803e-01
1.755000000000000000e+03 1.996299247307541380e-01
1.760000000000000000e+03 2.417366721162926002e-01
1.765000000000000000e+03 2.289122038020374172e-01
1.770000000000000000e+03 2.008726139118808818e-01
1.775000000000000000e+03 2.155193484208157151e-01
1.780000000000000000e+03 2.283403115009012274e-01
1.785000000000000000e+03 9.606466614145051097e-02
1.790000000000000000e+03 2.073067575384785755e-01
1.795000000000000000e+03 1.487296827402635468e-01
1.800000000000000000e+03 6.561109239012617722e-02
1.805000000000000000e+03 1.721372261313045271e-01
1.810000000000000000e+03 9.925416692875066449e-02
1.815000000000000000e+03 3.914237758808902096e-02
1.820000000000000000e+03 1.494130878748911422e-02
1.825000000000000000e+03 4.267794948708251990e-02
1.830000000000000000e+03 4.474428117409711206e-03
1.835000000000000000e+03 4.064172951741715180e-04
1.840000000000000000e+03 1.417058836776601254e-04
1.845000000000000000e+03 2.448366510851953531e-02
1.850000000000000000e+03 1.929329423096650840e-03
1.855000000000000000e+03 2.820946322408224641e-03
1.860000000000000000e+03 1.331548460166948977e-08
1.865000000000000000e+03 2.991302016436520050e-03
1.870000000000000000e+03 1.877415755092919613e-06
1.875000000000000000e+03 7.727910838381325299e-05
1.880000000000000000e+03 3.605231305558679461e-02
1.885000000000000000e+03 6.916081275641320671e-03
1.890000000000000000e+03 8.949220597855357152e-04
1.895000000000000000e+03 3.554412718838505930e-02
1.900000000000000000e+03 1.622257171312599234e-07
1.905000000000000000e+03 8.560438414114728478e-04
1.910000000000000000e+03 1.395238735798984275e-02
1.915000000000000000e+03 8.939965859856228991e-03
1.920000000000000000e+03 1.020060118432150305e-03
1.925000000000000000e+03 5.616917403182398322e-02
1.930000000000000000e+03 2.754591295955279712e-02
1.935000000000000000e+03 1.243758086671925417e-01
1.940000000000000000e+03 4.268923287686239576e-02
1.945000000000000000e+03 3.799544304076633849e-02
1.950000000000000000e+03 8.343620298662664247e-02
1.955000000000000000e+03 5.395153380179577157e-02
1.960000000000000000e+03 1.205776520634460197e-01
1.965000000000000000e+03 1.176134912465545551e-01
1.970000000000000000e+03 1.888224608109460023e-01
1.975000000000000000e+03 2.163776394150227489e-01
1.980000000000000000e+03 9.779508444867479611e-02
1.985000000000000000e+03 2.142449498616616765e-01
1.990000000000000000e+03 1.728782834521060685e-01
1.995000000000000000e+03 2.205566651315421511e-01
2.000000000000000000e+03 1.073270108306081660e-01
2.005000000000000000e+03 6.834233928113321588e-02
2.010000000000000000e+03 1.215793822691643294e-01
2.015000000000000000e+03 1.066072872632473773e-01
2.020000000000000000e+03 1.546657594034704930e-01
2.025000000000000000e+03 2.031011667417919886e-01
2.030000000000000000e+03 2.391779493082887842e-01
2.035000000000000000e+03 2.471004827840022622e-01
2.040000000000000000e+03 2.249516830326167005e-01
2.045000000000000000e+03 2.418822671509475997e-01
2.050000000000000000e+03 1.874333797594028850e-01
2.055000000000000000e+03 1.732193665987670217e-01
2.060000000000000000e+03 2.248469406348654609e-01
2.065000000000000000e+03 1.775209800043410224e-01
2.070000000000000000e+03 1.978254608841781836e-01
2.075000000000000000e+03 2.266023742542550568e-01
2.080000000000000000e+03 2.519949775207574461e-01
2.085000000000000000e+03 2.374635607293729411e-01
2.090000000000000000e+03 2.469810670819837795e-01
2.095000000000000000e+03 2.587682976461344042e-01
2.100000000000000000e+03 2.550106590257756878e-01
2.105000000000000000e+03 2.599721835182137730e-01
2.110000000000000000e+03 2.589734334352067346e-01
2.115000000000000000e+03 2.619727146305453336e-01
2.120000000000000000e+03 2.575089654479295054e-01
2.125000000000000000e+03 2.593764501976139059e-01
2.130000000000000000e+03 2.654095572367584643e-01
2.135000000000000000e+03 2.642377397297314134e-01
2.140000000000000000e+03 2.653283630491863887e-01
2.145000000000000000e+03 2.654312601002491445e-01
2.150000000000000000e+03 2.615185546213615875e-01
2.155000000000000000e+03 2.603520709981774761e-01
2.160000000000000000e+03 2.596331191974186603e-01
2.165000000000000000e+03 2.650966349567184244e-01
2.170000000000000000e+03 2.647293049705266021e-01
2.175000000000000000e+03 2.580133889733297603e-01
2.180000000000000000e+03 2.619808042406757131e-01
2.185000000000000000e+03 2.322659315225768517e-01
2.190000000000000000e+03 2.631526003838382533e-01
2.195000000000000000e+03 2.454781658033074743e-01
2.200000000000000000e+03 2.384361724315788855e-01
2.205000000000000000e+03 2.485735959634824965e-01
2.210000000000000000e+03 2.634363833965175927e-01
2.215000000000000000e+03 2.609055043122804340e-01
2.220000000000000000e+03 2.644916194755395633e-01
2.225000000000000000e+03 2.582162597208309540e-01
2.230000000000000000e+03 2.651186304230767066e-01
2.235000000000000000e+03 2.623353505224916282e-01
2.240000000000000000e+03 2.571340790565684320e-01
2.245000000000000000e+03 2.650363258589925608e-01
2.250000000000000000e+03 2.575385895278030080e-01
2.255000000000000000e+03 2.606525628644985604e-01
2.260000000000000000e+03 2.565731394586880376e-01
2.265000000000000000e+03 2.437189824647258418e-01
2.270000000000000000e+03 2.490968341973035516e-01
2.275000000000000000e+03 2.446457811503965352e-01
2.280000000000000000e+03 2.608459230472097157e-01
2.285000000000000000e+03 2.461127111296979031e-01
2.290000000000000000e+03 2.383688798973217227e-01
2.295000000000000000e+03 2.354762375571465838e-01
2.300000000000000000e+03 2.401222939666803335e-01
2.305000000000000000e+03 2.423384299654187668e-01
2.310000000000000000e+03 2.588018264603799135e-01
2.315000000000000000e+03 2.653092652391317863e-01
2.320000000000000000e+03 2.488542667313750345e-01
2.325000000000000000e+03 2.549738457477601083e-01
2.330000000000000000e+03 2.579630348515883909e-01
2.335000000000000000e+03 2.425659460548457158e-01
2.340000000000000000e+03 2.056027242464286697e-01
2.345000000000000000e+03 2.331371059407595925e-01
2.350000000000000000e+03 2.176461957361310318e-01
2.355000000000000000e+03 2.427692161262987036e-01
2.360000000000000000e+03 2.619831412849348284e-01
2.365000000000000000e+03 2.545779475882585796e-01
2.370000000000000000e+03 2.073523292228869885e-01
2.375000000000000000e+03 2.467221724177141584e-01
2.380000000000000000e+03 2.315172801112841405e-01
2.385000000000000000e+03 2.208655804799110889e-01
2.390000000000000000e+03 2.399901998487255772e-01
2.395000000000000000e+03 2.423332548810755993e-01
2.400000000000000000e+03 2.408944571068973028e-01
2.405000000000000000e+03 2.396696703790265615e-01
2.410000000000000000e+03 2.037607304384548013e-01
2.415000000000000000e+03 2.106559240879266326e-01
2.420000000000000000e+03 1.863914832479685035e-01
2.425000000000000000e+03 2.311382673961679124e-01
2.430000000000000000e+03 2.523843507515329265e-01
2.435000000000000000e+03 1.001535362899461379e-01
2.440000000000000000e+03 2.587212229938816721e-01
2.445000000000000000e+03 1.982245696180624517e-01
2.450000000000000000e+03 1.023955783182320389e-01
2.455000000000000000e+03 1.632426813169867152e-01
2.460000000000000000e+03 2.488133083760199205e-01
2.465000000000000000e+03 2.091652150457835035e-01
2.470000000000000000e+03 2.230742062659415437e-01
2.475000000000000000e+03 1.960537401357519138e-01
2.480000000000000000e+03 9.438196436442396198e-02
2.485000000000000000e+03 9.391453570438171305e-02
2.490000000000000000e+03 1.156947050372928304e-01
2.495000000000000000e+03 1.216897305555009710e-02
