3.500000000000000000e+02 1.544017742069431730e-02
3.550000000000000000e+02 2.524617270381531928e-02
3.600000000000000000e+02 4.075698432794001153e-02
3.650000000000000000e+02 5.621217546062438897e-02
3.700000000000000000e+02 6.536537968371450291e-02
3.750000000000000000e+02 7.713830199731420978e-02
3.800000000000000000e+02 8.736302154167388534e-02
3.850000000000000000e+02 9.514751362564256854e-02
3.900000000000000000e+02 1.115112433616420040e-01
3.950000000000000000e+02 1.156306165334148178e-01
4.000000000000000000e+02 1.277359474051380228e-01
4.050000000000000000e+02 1.247162267817081421e-01
4.100000000000000000e+02 1.338434744469518822e-01
4.150000000000000000e+02 1.358828427693098140e-01
4.200000000000000000e+02 1.294980893286665213e-01
4.250000000000000000e+02 1.329307681146954523e-01
4.300000000000000000e+02 1.284664817717097729e-01
4.350000000000000000e+02 1.350522785469834286e-01
4.400000000000000000e+02 1.324732030209606337e-01
4.450000000000000000e+02 1.236648960118921919e-01
4.500000000000000000e+02 1.264823617935620648e-01
4.550000000000000000e+02 1.167129533789332124e-01
4.600000000000000000e+02 1.246424268507319161e-01
4.650000000000000000e+02 1.150014319894061277e-01
4.700000000000000000e+02 1.204789211473036026e-01
4.750000000000000000e+02 1.146724177511627835e-01
4.800000000000000000e+02 1.215719524738197166e-01
4.850000000000000000e+02 1.126115600646278581e-01
4.900000000000000000e+02 1.224454660170527925e-01
4.950000000000000000e+02 1.168319472764116906e-01
5.000000000000000000e+02 1.253655649692412000e-01
5.050000000000000000e+02 1.227869329428928208e-01
5.100000000000000000e+02 1.306777171449923225e-01
5.150000000000000000e+02 1.370922949147562742e-01
5.200000000000000000e+02 1.339010459543122922e-01
5.250000000000000000e+02 1.449487348517173591e-01
5.300000000000000000e+02 1.470817252947558273e-01
5.350000000000000000e+02 1.445573650590054049e-01
5.400000000000000000e+02 1.513874232334777858e-01
5.450000000000000000e+02 1.503281153331764708e-01
5.500000000000000000e+02 1.560789406394702816e-01
5.550000000000000000e+02 1.506307934394307824e-01
5.600000000000000000e+02 1.545067209230793492e-01
5.650000000000000000e+02 1.535881578079149601e-01
5.700000000000000000e+02 1.503194794101851972e-01
5.750000000000000000e+02 1.562069775576342412e-01
5.800000000000000000e+02 1.585478070712991183e-01
5.850000000000000000e+02 1.583933573464702260e-01
5.900000000000000000e+02 1.562876015633960503e-01
5.950000000000000000e+02 1.586431613964136844e-01
6.000000000000000000e+02 1.609239107115341405e-01
6.050000000000000000e+02 1.592480324233268296e-01
6.100000000000000000e+02 1.547889736788468917e-01
6.150000000000000000e+02 1.545403124844443032e-01
6.200000000000000000e+02 1.532779678570138360e-01
6.250000000000000000e+02 1.602714194681602589e-01
6.300000000000000000e+02 1.508358848504984528e-01
6.350000000000000000e+02 1.423808154154611871e-01
6.400000000000000000e+02 1.492211964417845538e-01
6.450000000000000000e+02 1.387559290974870185e-01
6.500000000000000000e+02 1.457055760144074785e-01
6.550000000000000000e+02 1.397038496083311265e-01
6.600000000000000000e+02 1.434903505935104517e-01
6.650000000000000000e+02 1.324343060845010467e-01
6.700000000000000000e+02 1.403175141354104372e-01
6.750000000000000000e+02 1.320548217253507128e-01
6.800000000000000000e+02 1.307652278297732340e-01
6.850000000000000000e+02 1.377109612251870285e-01
6.900000000000000000e+02 1.248680286281354523e-01
6.950000000000000000e+02 1.333199978300749766e-01
7.000000000000000000e+02 1.399673582431255892e-01
7.050000000000000000e+02 1.344936006455280941e-01
7.100000000000000000e+02 1.441267640948374618e-01
7.150000000000000000e+02 1.351992386195010887e-01
7.200000000000000000e+02 1.326920422285298717e-01
7.250000000000000000e+02 1.344254643564494756e-01
7.300000000000000000e+02 1.402144230731875718e-01
7.350000000000000000e+02 1.314905086222288855e-01
7.400000000000000000e+02 1.347805809380930586e-01
7.450000000000000000e+02 1.459621081612181570e-01
7.500000000000000000e+02 1.397808617087859806e-01
7.550000000000000000e+02 1.465613642302948938e-01
7.600000000000000000e+02 6.062794243120318838e-02
7.650000000000000000e+02 1.301348239465988654e-01
7.700000000000000000e+02 1.672349044715294997e-01
7.750000000000000000e+02 1.567456361559107503e-01
7.800000000000000000e+02 1.768498124179382902e-01
7.850000000000000000e+02 1.738674366831608475e-01
7.900000000000000000e+02 1.796859442485568004e-01
7.950000000000000000e+02 1.754720045383901805e-01
8.000000000000000000e+02 1.728571776536589333e-01
8.050000000000000000e+02 1.660236817654833774e-01
8.100000000000000000e+02 1.628058389923041638e-01
8.150000000000000000e+02 1.561960962525650032e-01
8.200000000000000000e+02 1.553430233406752903e-01
8.250000000000000000e+02 1.801352435048385325e-01
8.300000000000000000e+02 1.658518112134764189e-01
8.350000000000000000e+02 1.936097370228286041e-01
8.400000000000000000e+02 1.868376965328568395e-01
8.450000000000000000e+02 1.955926038179655047e-01
8.500000000000000000e+02 2.015632336840430805e-01
8.550000000000000000e+02 2.129240975494513521e-01
8.600000000000000000e+02 2.216761409152354367e-01
8.650000000000000000e+02 2.130210100928599526e-01
8.700000000000000000e+02 2.163142386527976968e-01
8.750000000000000000e+02 1.952811232998401814e-01
8.800000000000000000e+02 1.819137197345235546e-01
8.850000000000000000e+02 1.682976379057695704e-01
8.900000000000000000e+02 1.584972927933725739e-01
8.950000000000000000e+02 1.515371225657821952e-01
9.000000000000000000e+02 1.432732050549858083e-01
9.050000000000000000e+02 1.379011579857629954e-01
9.100000000000000000e+02 1.035294435880788760e-01
9.150000000000000000e+02 1.016053806150194194e-01
9.200000000000000000e+02 7.835909433420561176e-02
9.250000000000000000e+02 8.917189783073510567e-02
9.300000000000000000e+02 6.321186366349233754e-02
9.350000000000000000e+02 4.860617200379475922e-02
9.400000000000000000e+02 5.704267758001441840e-02
9.450000000000000000e+02 4.867064997616558225e-02
9.500000000000000000e+02 3.579620809719688546e-02
9.550000000000000000e+02 3.076092675102228349e-02
9.600000000000000000e+02 1.551853132674494568e-02
9.650000000000000000e+02 6.438471481177589391e-03
9.700000000000000000e+02 5.621858613119299665e-03
9.750000000000000000e+02 7.371711368000020623e-03
9.800000000000000000e+02 1.016077369190427487e-02
9.850000000000000000e+02 1.135258189482625697e-02
9.900000000000000000e+02 1.122363730740678564e-02
9.950000000000000000e+02 1.027650665794520475e-02
1.000000000000000000e+03 6.635496866080082927e-03
1.005000000000000000e+03 4.046402987485569168e-03
1.010000000000000000e+03 1.789542432971119980e-03
1.015000000000000000e+03 8.950867875197614405e-04
1.020000000000000000e+03 7.643983079418567020e-04
1.025000000000000000e+03 1.210036343913405837e-03
1.030000000000000000e+03 1.852118733014119275e-03
1.035000000000000000e+03 2.056254789622055223e-03
1.040000000000000000e+03 2.322191850349984796e-03
1.045000000000000000e+03 1.989367868965006420e-03
1.050000000000000000e+03 1.722480513672672731e-03
1.055000000000000000e+03 1.297702598283689921e-03
1.060000000000000000e+03 1.088579670578534216e-03
1.065000000000000000e+03 7.932774241710777120e-04
1.070000000000000000e+03 5.342203306029326892e-04
1.075000000000000000e+03 4.222765345686007232e-04
1.080000000000000000e+03 3.133174549040626837e-04
1.085000000000000000e+03 2.574582519102644180e-04
1.090000000000000000e+03 2.982847092158247455e-04
1.095000000000000000e+03 2.818971137915717885e-04
1.100000000000000000e+03 2.885754093371913748e-04
1.105000000000000000e+03 2.952321593222407116e-04
1.110000000000000000e+03 2.783754108435786438e-04
1.115000000000000000e+03 1.881376678419082176e-04
1.120000000000000000e+03 1.365473598258520763e-04
1.125000000000000000e+03 1.146796266518001979e-04
1.130000000000000000e+03 5.061198417161037825e-05
1.135000000000000000e+03 9.058448106025520440e-06
1.140000000000000000e+03 3.248674660020211966e-05
1.145000000000000000e+03 1.348152108905524536e-05
1.150000000000000000e+03 0.000000000000000000e+00
1.155000000000000000e+03 0.000000000000000000e+00
1.160000000000000000e+03 0.000000000000000000e+00
1.165000000000000000e+03 0.000000000000000000e+00
1.170000000000000000e+03 0.000000000000000000e+00
1.175000000000000000e+03 0.000000000000000000e+00
1.180000000000000000e+03 0.000000000000000000e+00
1.185000000000000000e+03 0.000000000000000000e+00
1.190000000000000000e+03 0.000000000000000000e+00
1.195000000000000000e+03 0.000000000000000000e+00
1.200000000000000000e+03 0.000000000000000000e+00
1.205000000000000000e+03 0.000000000000000000e+00
1.210000000000000000e+03 0.000000000000000000e+00
1.215000000000000000e+03 0.000000000000000000e+00
1.220000000000000000e+03 0.000000000000000000e+00
1.225000000000000000e+03 0.000000000000000000e+00
1.230000000000000000e+03 0.000000000000000000e+00
1.235000000000000000e+03 0.000000000000000000e+00
1.240000000000000000e+03 0.000000000000000000e+00
1.245000000000000000e+03 0.000000000000000000e+00
1.250000000000000000e+03 0.000000000000000000e+00
1.255000000000000000e+03 0.000000000000000000e+00
1.260000000000000000e+03 0.000000000000000000e+00
1.265000000000000000e+03 0.000000000000000000e+00
1.270000000000000000e+03 0.000000000000000000e+00
1.275000000000000000e+03 0.000000000000000000e+00
1.280000000000000000e+03 0.000000000000000000e+00
1.285000000000000000e+03 0.000000000000000000e+00
1.290000000000000000e+03 0.000000000000000000e+00
1.295000000000000000e+03 0.000000000000000000e+00
1.300000000000000000e+03 0.000000000000000000e+00
1.305000000000000000e+03 0.000000000000000000e+00
1.310000000000000000e+03 0.000000000000000000e+00
1.315000000000000000e+03 0.000000000000000000e+00
1.320000000000000000e+03 0.000000000000000000e+00
1.325000000000000000e+03 0.000000000000000000e+00
1.330000000000000000e+03 0.000000000000000000e+00
1.335000000000000000e+03 0.000000000000000000e+00
1.340000000000000000e+03 0.000000000000000000e+00
1.345000000000000000e+03 0.000000000000000000e+00
1.350000000000000000e+03 0.000000000000000000e+00
1.355000000000000000e+03 0.000000000000000000e+00
1.360000000000000000e+03 0.000000000000000000e+00
1.365000000000000000e+03 0.000000000000000000e+00
1.370000000000000000e+03 0.000000000000000000e+00
1.375000000000000000e+03 0.000000000000000000e+00
1.380000000000000000e+03 0.000000000000000000e+00
1.385000000000000000e+03 0.000000000000000000e+00
1.390000000000000000e+03 0.000000000000000000e+00
1.395000000000000000e+03 0.000000000000000000e+00
1.400000000000000000e+03 0.000000000000000000e+00
1.405000000000000000e+03 0.000000000000000000e+00
1.410000000000000000e+03 0.000000000000000000e+00
1.415000000000000000e+03 0.000000000000000000e+00
1.420000000000000000e+03 0.000000000000000000e+00
1.425000000000000000e+03 0.000000000000000000e+00
1.430000000000000000e+03 0.000000000000000000e+00
1.435000000000000000e+03 0.000000000000000000e+00
1.440000000000000000e+03 0.000000000000000000e+00
1.445000000000000000e+03 0.000000000000000000e+00
1.450000000000000000e+03 0.000000000000000000e+00
1.455000000000000000e+03 0.000000000000000000e+00
1.460000000000000000e+03 0.000000000000000000e+00
1.465000000000000000e+03 0.000000000000000000e+00
1.470000000000000000e+03 0.000000000000000000e+00
1.475000000000000000e+03 0.000000000000000000e+00
1.480000000000000000e+03 0.000000000000000000e+00
1.485000000000000000e+03 0.000000000000000000e+00
1.490000000000000000e+03 0.000000000000000000e+00
1.495000000000000000e+03 0.000000000000000000e+00
1.500000000000000000e+03 0.000000000000000000e+00
1.505000000000000000e+03 0.000000000000000000e+00
1.510000000000000000e+03 0.000000000000000000e+00
1.515000000000000000e+03 0.000000000000000000e+00
1.520000000000000000e+03 0.000000000000000000e+00
1.525000000000000000e+03 0.000000000000000000e+00
1.530000000000000000e+03 0.000000000000000000e+00
1.535000000000000000e+03 0.000000000000000000e+00
1.540000000000000000e+03 0.000000000000000000e+00
1.545000000000000000e+03 0.000000000000000000e+00
1.550000000000000000e+03 0.000000000000000000e+00
1.555000000000000000e+03 0.000000000000000000e+00
1.560000000000000000e+03 0.000000000000000000e+00
1.565000000000000000e+03 0.000000000000000000e+00
1.570000000000000000e+03 0.000000000000000000e+00
1.575000000000000000e+03 0.000000000000000000e+00
1.580000000000000000e+03 0.000000000000000000e+00
1.585000000000000000e+03 0.000000000000000000e+00
1.590000000000000000e+03 0.000000000000000000e+00
1.595000000000000000e+03 0.000000000000000000e+00
1.600000000000000000e+03 0.000000000000000000e+00
1.605000000000000000e+03 0.000000000000000000e+00
1.610000000000000000e+03 0.000000000000000000e+00
1.615000000000000000e+03 0.000000000000000000e+00
1.620000000000000000e+03 0.000000000000000000e+00
1.625000000000000000e+03 0.000000000000000000e+00
1.630000000000000000e+03 0.000000000000000000e+00
1.635000000000000000e+03 0.000000000000000000e+00
1.640000000000000000e+03 0.000000000000000000e+00
1.645000000000000000e+03 0.000000000000000000e+00
1.650000000000000000e+03 0.000000000000000000e+00
1.655000000000000000e+03 0.000000000000000000e+00
1.660000000000000000e+03 0.000000000000000000e+00
1.665000000000000000e+03 0.000000000000000000e+00
1.670000000000000000e+03 0.000000000000000000e+00
1.675000000000000000e+03 0.000000000000000000e+00
1.680000000000000000e+03 0.000000000000000000e+00
1.685000000000000000e+03 0.000000000000000000e+00
1.690000000000000000e+03 0.000000000000000000e+00
1.695000000000000000e+03 0.000000000000000000e+00
1.700000000000000000e+03 0.000000000000000000e+00
1.705000000000000000e+03 0.000000000000000000e+00
1.710000000000000000e+03 0.000000000000000000e+00
1.715000000000000000e+03 0.000000000000000000e+00
1.720000000000000000e+03 0.000000000000000000e+00
1.725000000000000000e+03 0.000000000000000000e+00
1.730000000000000000e+03 0.000000000000000000e+00
1.735000000000000000e+03 0.000000000000000000e+00
1.740000000000000000e+03 0.000000000000000000e+00
1.745000000000000000e+03 0.000000000000000000e+00
1.750000000000000000e+03 0.000000000000000000e+00
1.755000000000000000e+03 0.000000000000000000e+00
1.760000000000000000e+03 0.000000000000000000e+00
1.765000000000000000e+03 0.000000000000000000e+00
1.770000000000000000e+03 0.000000000000000000e+00
1.775000000000000000e+03 0.000000000000000000e+00
1.780000000000000000e+03 0.000000000000000000e+00
1.785000000000000000e+03 0.000000000000000000e+00
1.790000000000000000e+03 0.000000000000000000e+00
1.795000000000000000e+03 0.000000000000000000e+00
1.800000000000000000e+03 0.000000000000000000e+00
1.805000000000000000e+03 0.000000000000000000e+00
1.810000000000000000e+03 0.000000000000000000e+00
1.815000000000000000e+03 0.000000000000000000e+00
1.820000000000000000e+03 0.000000000000000000e+00
1.825000000000000000e+03 0.000000000000000000e+00
1.830000000000000000e+03 0.000000000000000000e+00
1.835000000000000000e+03 0.000000000000000000e+00
1.840000000000000000e+03 0.000000000000000000e+00
1.845000000000000000e+03 0.000000000000000000e+00
1.850000000000000000e+03 0.000000000000000000e+00
1.855000000000000000e+03 0.000000000000000000e+00
1.860000000000000000e+03 0.000000000000000000e+00
1.865000000000000000e+03 0.000000000000000000e+00
1.870000000000000000e+03 0.000000000000000000e+00
1.875000000000000000e+03 0.000000000000000000e+00
1.880000000000000000e+03 0.000000000000000000e+00
1.885000000000000000e+03 0.000000000000000000e+00
1.890000000000000000e+03 0.000000000000000000e+00
1.895000000000000000e+03 0.000000000000000000e+00
1.900000000000000000e+03 0.000000000000000000e+00
1.905000000000000000e+03 0.000000000000000000e+00
1.910000000000000000e+03 0.000000000000000000e+00
1.915000000000000000e+03 0.000000000000000000e+00
1.920000000000000000e+03 0.000000000000000000e+00
1.925000000000000000e+03 0.000000000000000000e+00
1.930000000000000000e+03 0.000000000000000000e+00
1.935000000000000000e+03 0.000000000000000000e+00
1.940000000000000000e+03 0.000000000000000000e+00
1.945000000000000000e+03 0.000000000000000000e+00
1.950000000000000000e+03 0.000000000000000000e+00
1.955000000000000000e+03 0.000000000000000000e+00
1.960000000000000000e+03 0.000000000000000000e+00
1.965000000000000000e+03 0.000000000000000000e+00
1.970000000000000000e+03 0.000000000000000000e+00
1.975000000000000000e+03 0.000000000000000000e+00
1.980000000000000000e+03 0.000000000000000000e+00
1.985000000000000000e+03 0.000000000000000000e+00
1.990000000000000000e+03 0.000000000000000000e+00
1.995000000000000000e+03 0.000000000000000000e+00
2.000000000000000000e+03 0.000000000000000000e+00
2.005000000000000000e+03 0.000000000000000000e+00
2.010000000000000000e+03 0.000000000000000000e+00
2.015000000000000000e+03 0.000000000000000000e+00
2.020000000000000000e+03 0.000000000000000000e+00
2.025000000000000000e+03 0.000000000000000000e+00
2.030000000000000000e+03 0.000000000000000000e+00
2.035000000000000000e+03 0.000000000000000000e+00
2.040000000000000000e+03 0.000000000000000000e+00
2.045000000000000000e+03 0.000000000000000000e+00
2.050000000000000000e+03 0.000000000000000000e+00
2.055000000000000000e+03 0.000000000000000000e+00
2.060000000000000000e+03 0.000000000000000000e+00
2.065000000000000000e+03 0.000000000000000000e+00
2.070000000000000000e+03 0.000000000000000000e+00
2.075000000000000000e+03 0.000000000000000000e+00
2.080000000000000000e+03 0.000000000000000000e+00
2.085000000000000000e+03 0.000000000000000000e+00
2.090000000000000000e+03 0.000000000000000000e+00
2.095000000000000000e+03 0.000000000000000000e+00
2.100000000000000000e+03 0.000000000000000000e+00
2.105000000000000000e+03 0.000000000000000000e+00
2.110000000000000000e+03 0.000000000000000000e+00
2.115000000000000000e+03 0.000000000000000000e+00
2.120000000000000000e+03 0.000000000000000000e+00
2.125000000000000000e+03 0.000000000000000000e+00
2.130000000000000000e+03 0.000000000000000000e+00
2.135000000000000000e+03 0.000000000000000000e+00
2.140000000000000000e+03 0.000000000000000000e+00
2.145000000000000000e+03 0.000000000000000000e+00
2.150000000000000000e+03 0.000000000000000000e+00
2.155000000000000000e+03 0.000000000000000000e+00
2.160000000000000000e+03 0.000000000000000000e+00
2.165000000000000000e+03 0.000000000000000000e+00
2.170000000000000000e+03 0.000000000000000000e+00
2.175000000000000000e+03 0.000000000000000000e+00
2.180000000000000000e+03 0.000000000000000000e+00
2.185000000000000000e+03 0.000000000000000000e+00
2.190000000000000000e+03 0.000000000000000000e+00
2.195000000000000000e+03 0.000000000000000000e+00
2.200000000000000000e+03 0.000000000000000000e+00
2.205000000000000000e+03 0.000000000000000000e+00
2.210000000000000000e+03 0.000000000000000000e+00
2.215000000000000000e+03 0.000000000000000000e+00
2.220000000000000000e+03 0.000000000000000000e+00
2.225000000000000000e+03 0.000000000000000000e+00
2.230000000000000000e+03 0.000000000000000000e+00
2.235000000000000000e+03 0.000000000000000000e+00
2.240000000000000000e+03 0.000000000000000000e+00
2.245000000000000000e+03 0.000000000000000000e+00
2.250000000000000000e+03 0.000000000000000000e+00
2.255000000000000000e+03 0.000000000000000000e+00
2.260000000000000000e+03 0.000000000000000000e+00
2.265000000000000000e+03 0.000000000000000000e+00
2.270000000000000000e+03 0.000000000000000000e+00
2.275000000000000000e+03 0.000000000000000000e+00
2.280000000000000000e+03 0.000000000000000000e+00
2.285000000000000000e+03 0.000000000000000000e+00
2.290000000000000000e+03 0.000000000000000000e+00
2.295000000000000000e+03 0.000000000000000000e+00
2.300000000000000000e+03 0.000000000000000000e+00
2.305000000000000000e+03 0.000000000000000000e+00
2.310000000000000000e+03 0.000000000000000000e+00
2.315000000000000000e+03 0.000000000000000000e+00
2.320000000000000000e+03 0.000000000000000000e+00
2.325000000000000000e+03 0.000000000000000000e+00
2.330000000000000000e+03 0.000000000000000000e+00
2.335000000000000000e+03 0.000000000000000000e+00
2.340000000000000000e+03 0.000000000000000000e+00
2.345000000000000000e+03 0.000000000000000000e+00
2.350000000000000000e+03 0.000000000000000000e+00
2.355000000000000000e+03 0.000000000000000000e+00
2.360000000000000000e+03 0.000000000000000000e+00
2.365000000000000000e+03 0.000000000000000000e+00
2.370000000000000000e+03 0.000000000000000000e+00
2.375000000000000000e+03 0.000000000000000000e+00
2.380000000000000000e+03 0.000000000000000000e+00
2.385000000000000000e+03 0.000000000000000000e+00
2.390000000000000000e+03 0.000000000000000000e+00
2.395000000000000000e+03 0.000000000000000000e+00
2.400000000000000000e+03 0.000000000000000000e+00
2.405000000000000000e+03 0.000000000000000000e+00
2.410000000000000000e+03 0.000000000000000000e+00
2.415000000000000000e+03 0.000000000000000000e+00
2.420000000000000000e+03 0.000000000000000000e+00
2.425000000000000000e+03 0.000000000000000000e+00
2.430000000000000000e+03 0.000000000000000000e+00
2.435000000000000000e+03 0.000000000000000000e+00
2.440000000000000000e+03 0.000000000000000000e+00
2.445000000000000000e+03 0.000000000000000000e+00
2.450000000000000000e+03 0.000000000000000000e+00
2.455000000000000000e+03 0.000000000000000000e+00
2.460000000000000000e+03 0.000000000000000000e+00
2.465000000000000000e+03 0.000000000000000000e+00
2.470000000000000000e+03 0.000000000000000000e+00
2.475000000000000000e+03 0.000000000000000000e+00
2.480000000000000000e+03 0.000000000000000000e+00
2.485000000000000000e+03 0.000000000000000000e+00
2.490000000000000000e+03 0.000000000000000000e+00
2.495000000000000000e+03 0.000000000000000000e+00
